  45.56988422  4.08973824  2.716
  265.86813614  4.56730027  2.879
  195.54415972  10.95914863  2.917
  286.35253215  13.86347684  2.958
  296.56491643  10.61326319  2.861
  221.24676327  27.07420780  2.578
  345.94356931  28.08278481  2.654
  17.43301226  35.62055764  2.244
  58.53300785  31.88363844  2.858
  74.24840612  33.16608905  2.830
  311.55284573  33.97025353  2.570
  305.55709378  40.25667904  2.273
  178.45768181  53.69475740  2.399
  141.89685049  8.65860165  2.140
  222.71963908  16.04177696  2.742
  105.75613209  23.83329149  2.999
  245.29713575  25.59280657  2.911
  248.97063838  28.21601356  2.759
  275.24850706  29.82810240  2.830
  276.99266925  25.42170006  2.924
  109.28565491  37.09747668  2.866
  200.14923763  36.71229344  2.732
  211.67061735  36.36995824  2.158
  252.54088465  34.29322839  2.393
  262.69097937  37.29581257  2.624
  328.48220445  37.36487350  2.971
  6.57094162  42.30607839  2.496
  136.99899195  43.43258995  2.379
  224.63302487  43.13396021  2.603
  233.78503305  41.16678306  2.954
  161.69248947  49.42023604  2.815
  190.37927170  48.95975694  2.817
  190.37927170  48.95975694  2.881
  182.08963142  50.72242738  2.515
  262.96037889  49.87614279  2.793
  340.66687292  46.88458025  2.287
  183.78631757  58.74892829  2.721
  261.32495658  55.52988502  2.968
  334.62539861  60.25959646  2.998
  189.29598580  69.13561311  2.622
  229.72743233  68.67954332  2.849
  252.16622674  69.02771555  2.052
  6.43782906  77.25425174  2.855